0 1 2 4.22222 11.8889 1 7 17.5556 6.77778
0.05 2.55556 2.44444 4.22222 10.8889 1.77778 11.2222 19.7778 18
0.1 3.44444 3.33333 4.88889 10.2222 2 13.5556 24.2222 26.4444
0.15 3.88889 4.44444 5.33333 10.6667 2.33333 15.5556 26.4444 35.6667
0.2 4.66667 4.44444 5.55556 10.6667 2.33333 17.2222 28.6667 43.7778
0.25 5.44444 5.66667 6.77778 12.2222 2.66667 20.6667 30.8889 54
0.3 10.8889 11.3333 13.5556 24.4444 5.33333 24.6667 39.5556 65.7778
0.35 6.44444 6.66667 7.66667 11.7778 3.44444 22.1111 33.1111 61
0.4 6.66667 7 7.88889 12.1111 3.44444 22.1111 35.3333 69.3333
0.45 7.22222 7.88889 8.88889 13.3333 3.77778 22.8889 35.3333 76.1111
0.5 8 8.11111 9 14 4.22222 5.33333 8.66667 16.6667
0.55 9 9.33333 10.1111 13.8889 4.77778 6 8.66667 18.7778
0.6 9.66667 9.88889 10.5556 13.7778 5.66667 6 8.66667 19.2222
0.65 9.66667 10.4444 11.2222 14.5556 5.55556 6.77778 8.66667 20.2222
0.7 10.3333 10.7778 11.2222 16.5556 6.11111 7.77778 8.66667 21.2222
0.75 11.2222 12.2222 12.5556 16.6667 6.55556 8.55556 8.66667 22.3333
0.8 12.3333 12.3333 13.5556 15.3333 9 9.77778 8.66667 23.6667
0.85 13.4444 13 14.3333 16.2222 9.44444 11.2222 8.66667 23.7778
0.9 15.1111 15.1111 16.2222 17 11.6667 12.7778 8.66667 24.6667
0.95 17.1111 16.4444 16.5556 17.7778 14.7778 15.6667 3563.44 3665.78
